11101011100110111011110001100111111101101000101110101001000011000011101011110101111110010001001110000011111110000010110101011010
10100010011110011010111001110110110110101100101000111101111111111011100111000001101000110001001010101110011100001111011001010100
10000010001010111010110011000000010010101011111101101001000000001111000011000111010011101100100011111101010110010011111111001110
00100001000111101001011011001110101110001100110010000000000101010111000000100000010010101001101101111001101111110101000100010000
01101010100100010111000000010000101110111000101010001111110001101110001101101000010111100111000101010100110110001101001010000010
00010011001011101000100001000000010010011110110001111100100010001100100000000111001001000000001110011011111001101001101111111001
00100101110111100101111011100011001010110110111111101000010010101111000101000010111001100110111111101010110011110001101000010101
11011010100001000011000011100001111100100011111110101011000111111110100101101100101100101101110001111010010101001101000011110011
00001000001010010001011111010011100010001010000100111001100110111011001010000100011100100100111001100001010101011111111110100001
00111010101010100000101101101111001000100101000101101110100100100110101111000111100010111011110101011010011101110100111001011100
10000100011011101100010000110110110011101010010011101101010111000100011111111000101100110010110001000000000000010001010011011110
01011100100011001010111001010001010110010000100101010110011010010011000110011000101010000010010000100111010001101100111100011010
11000011111000011110111100011100000011111100101010111100110010111100000001111000100110110011110011011001000111011110110011011010
10111111010010100101001100101011010111001000010111100011100111101110101010001111110110111010111010100111011000111110111111011111
01010011110011101011101110001111000100101001000100010001001001011000110011000011000000111010010011010110011011010000001001001000
11001111100110011010011111010110111001111111100111000110100111111001000110010111111001101010010101110011010000000110011010111001
11110011111010101101001011010001001101100101111111110001111101111011101010000000101101010110000011110100100001111001001011001001
01100011111011110000000011011000101000011101010011101101011001010011010101111011000111011011111001100100011001101010111010110101
01110110011101010000110001110011001101001010111010010000001010101100001001110101100100000111001001101111100010100001010001110001
00111100010101001100111011100101001001110010001100110100101011011101000000001000000110001101010000110110111011001111101100101011
00001011110010010010101010000001110001001110011110001101011101100110000100010100001110011101010101010100111110111111110000110111
00110100001001100001111100100110111101000100100010101000010001010110111000001010000011101100001000100001001011000101110110011110
01111010011001001011001000111001100110011100010011001000011101100000011101001000001001001010000011100101101011101000101111011100
01111000001000001010001001000100111000101101111000101100011010110111000010111011100100011111100101111110110001101110010011110100
01101011111101110101001110110001110101000101000111111010011111001011000000110010110000000110001001011001000100100001101001110111
01011011000010000100001111001011100000000100001100101100011101011010101001111011100001010101101011111001000110101110000111110010
11010010111011101001010010011000000101110000111011010100001110101110101010011000000101010100010100011011001100111100011100101001
11001111010111011010101101101101010011010100110011001001011001001100000011110100100000001111101110110011000000100100000001010010
01101000001111001011100001101110100110000000011101001110100010001001111001000011100101000000001101111100100101100111010010010101
00001111110001000000111100101111010010011011111000110110000010101100010101110101010001111111111010010101110111011100111100001101
10100011111011111011001001100110110011111110010101100111011001000000000011101100000011000010010000100100001011010001100100110101
10001111100010100100101101110110001111110110011011100100011010001101010111110110100001111001010100100111011110001111101011100000
01100001010000111110010100110100010011001011010010111101100011000110001111000110111101000110000011010011100011110100010010101011
00110100101000101001010000101111000001001011101000011110100110101100001110111001100011101010101111000110100101101110000101101011
11110100010100111111001011010000010111111101010000001010011011000110100011100111011111001010010001110110111001101101110110011111
10110100100010010001010001000111100000011001011000111011101110100010011011111100100111011011010110011110110111100011111001111011
11001101110011000000000110101101001001001111000110100001111010010101111101011000110101011000011000101011011001101010010000000111
10101001111100001110010100111000110100101111001111000101000110001110110110111100100001100011100110000010111101011110110000001111
01010001010100010110110010001111100100111000011110001001110010101001010111111001010010000110101100111110100001000111111111100010
10000110111111000001000101100110111000110011011010100101001001100000011101110100111100110100000110101100110101110001001110111110
10100110111010110101011011110100110100011101010110001000010110111101011100110101000110001010000100111000001001011011001000100011
00101001001000110110001000100101001111011111100100100100000010011110001101000100010101000000100101111010110001010101111101010001
11011011100100001010011110011110111000100100101111110100001101100010100110111011010101111101001001010111110111101100011000010100
00001001110100100100011101010111000101110110000111010010001101001111100110101110101001110100000100011110110111001011001110110000
01011111011111100010011011111111100101111010110010111100101001110101000111110011110100000100001101010110100011100111101010000001
10010010010001001000101000011110001101111111010010111100011111111000100100101111010011001000001111101100010000111111001000001000
00100101110101000010100001011111100000100011101101000001000010000101000100011110101111100001010010100010010010111111100101011111
11101101100100000101001010000101100100111111011011111010001001100111101000001010110001000100100010100110010000100010010101000100
00110101110011110011110000100101001010111000000100111101100111101101011111100110011011101010100100101011001001110111001110100010
10110001110100100010000010011100101101100000001011111101001110111110111001010011011101110001000110111001000110101111100100011011
