11101001111110010000011111001001101000111101011011011000001111110011100100000000010111110110011100111001001010000110000111110001
11001101010010010100001111111011011011010100100111111111000011010010001110011100010011111000001000010001011111000001111101110010
11010111100100111110001101111100100001110111001001011110010001110010000011111100001000000100011101000011100100111100001100011001
11110000011010010000001100111001110001110001001010010011110100100110110010000100001110001011110111000010000011111000111101100110
11001110110111110010111011100101000100010111010001101110011101010011011111101000000011101110010101001111000110111101000111101111
10011011001000100011010100111011001001101101011111000111011111010011110101010101100011010111111100001100001000101011100001000110
00100111100110010111001000100110000111010010110101111111101111100010111010010000001110001111001010110011011101001000011010001011
11111101001010100111010111101001110100011101010010010111101111011011011011111011011100111010111101111010101110011100000101000010
10110010101100111010111111100010001101101000110111111010111111100011110001100110111011100000000101111011001010000000011000001001
11110000100001011010100010011101010100010011101100110010110000111100001000101100000000011111001000100000110111100111011111011010
11111000000000101100101000111101000111100110010000111011100011011111011100100000110011011101111100011110010101010011010111010111
11011000000010001001011011100000101110111100111010100100100011110011111110110100100001110011011100101101000111000010010010100000
00000010011010100100000000010100010111000010100110110011011111100110111001111000001011011011011101011001111110000110010100111001
01000101101110111010011010010101011011110110000010110110010000000110000001100100100110010111100011111001000011001000110001101101
00000001000110100000001010101000000000110001111011101011010111000101110111000100010011110101110000001111111100011010111011111010
10001110101101100001010100011100100000000010000110111011101010001011010110000111011010111000110001110110001101010110111000010111
10101110000000011101111010100011100011000011001101001010100010111100000100100010001001000010101100100011101111110110100011100001
11001010000111001101101110011100110101100111111001011101100000111100001110110011001101111101001110001011110001101010001001110011
11110100000001010010111110110011111111010000011000110101011011011100101110100011110111000011010010111101101010100110011001111100
10101111110001110110101000000001010011100010001110111010100110100001011001101100011110100110001001001101100101011000010011011110
00010001101110110100000001100101100100100001011110100101000001000101100110000101000000011011001001111001101001010100110110011101
10011000110011111011111011100100101111110001110110101101111111001000100010101101010110101101001100111001011000110001110000111101
10111111100111000000100010000001011011111111011000101100110000100001000110010101110101110000101100010011100010011111100110011001
00100000010011000010000011010010100010101011010110100111111010011101001101111000010110110110101010111011000100011101011110100111
00011010110101100010100111011010101001101100000001110111001111111000110011111100011000010011001100101100100011011110100011001110
00110001001101011010100100110010100001011001101011111000101010101101111001001011010001010100011111001001101111110111001110011101
00001011010111111001001011101000000111111110100011101001111111101000010110100000000001010101001001100100101011010111001001011100
00010101011110010110001100111011000111110111111001101111011100101101110001000101000101100001000011011101011100101011011111000011
10110111110100101011010000011111010001010101110011000111101011001100111010010001010001000001110110010001110111110010111110011101
10011101010010110011101010011100011100000011111111100101001110000111011000111111100011110111000100011101100100111011100110011010
11101000111110011101100110010110011000011101101110011101001110001010110101110110000110110111100000111100100011011011001011010010
01101000011011001101101111111101011010010011101001100000001110100001100011010001110000011111010001000100101001000111000011010011
00000111100111110010010000110010110000111011111100000111011111111011011010001110111001000100111011011010011001101001101110100101
00001111010110100111111111000010010110010010110100100101101000100011000000001011110010011110001011011111010111110101100101000000
11011011000110010101000001001001101110000010110110111000011100111011111000111110011100010010110000101110111000101101011011101001
00001100011001111101001011111001111101100011110110000111010011000010000110111010110011101010101001010001001111111010010001011110
00000001000101000100010010101110000010001110111001011001000110001000011110111011001110100111100011101001101010100000010010110111
00001111111100010110011010001101101111011011010011000011100101110111010010101011101100001001110100001001010001011010000010110111
01110010110111111011000000101001010110000001110001100100001000000100111000111001010011011101011000111011011111000010000001011110
11111011100111110101010001100101011010100111001000100011010110110110011011011011010100001101001111111011101101000101011110000010
01000101010101110010011011010111110010100010000110101100110100100000001011110110000101010011000001101000010001110111101111100010
11101010100010010000011110100111011011010000100100110100001110001011001000010111010011010111000000001110001100010000001111110110
01001001100010010101000011001010001000100010110101011111100001010000111100100010011001001000000111111111001010000010101110010000
00111110010010110101011011000011010110100010010011001000010111111110100001011100001110001001010110101110000010001100101111110111
01100010011011110010100100111101101001110001000001010011010001101101100111010000000100101111001011101010001100001001011010011100
11111100010000000001011011010011110111101111110110010011000101000100001011111110001110101001101011000010101011111000111010010001
11011111010111000111010000011001111001001100110101010100001011101110000110110010000010011110101000100011011111110010110110010111
00100111101101011001100110101110111000001010101111110110100010100000101111001000100011111100001010011111111001100000001000111010
11000111011000011101010001011101101100010111110100000100010110011010111010110000011000110101100001110010000111111110101111011000
01100111011001001100000001101100100111100110101101010011001000111100000100001001110011100001100001111100011010011111010110111001
10011100110001111000110100111000000010001000111001000011001010111101110001011101001000101101000010011000000110111000011001101111
01110001101110101101100000001000000000110011000101011111001011111101100110001101000101111111000101001001101110001011100000101010
11010111101001101001010010001000011011100111110110001111111110111011100001011001011010011100001101110111100010101100111100100101
11111111100001011010011110000110011001000000011000111111001100010011001001000110101000111110111110101000110110101000010001011000
11010000001010111001001001100110001101001010101010110110111110111100011100001110000111010001111011100111001100010110000011101110
11101011101011111111111010000001011010110100111111111000101111101110010000111100010110101111011100000101111101100110101101010010
01111101101111011001000000010010000011101011010110010100001101110011000001011000011011100100100010011100101011001110001110000011
00100010000011001100000101110010001101101101010100110100101001000110001101000101011001000111001100011110011101010110100001110110
00100011100110001000010010000010010001111100101011100101101011010010000010101001101010000100101001110011000100010110101111110100
01010011111101010110110110010111010010011101011100101011011001111011101111110111000100101110100011011111010110011001111010011011
10001000100000011101000110111111111101111011001100110110001111001000111110010011101011111101001100010011101010010011000100101110
01010111111000110010100100010100100110110111100110101110001000111011100001011101110100010100001100010110001001000101111000110000
11111011110101001101001111001001111101101111011010001110110010101110111111011100110011111101100000011011101110100101111011010110
00001111000111101011111101111101001101001001000001011000001001001011100010101010111111100110101010110110111011110011100011101010
01101001101000010000000101010001001101000001110000001100101111011001100011001011011000100001010010111111011101011011010001111100
00110111010000101110010101000101111010101011101110000110011101001110111010011110111010101011100001111110011001000100101111111100
11111011101111110101000010100001011100001110110000001111100001101111101111110000101111010111110100011011011010110110011111100011
00111110000000101010100001000001101001001001011110010110001111101100111010001100011100111110011100101010101101110100100010101100
01111001100011000111011111001110101110101000010010001001100101011101000011001000001001011100101011000000111100100101000000110100
00010011111100111000111010101101011101100011110100011101000101000010001101010111111000101110010010010111000100010000100011100010
00010110011000100011101100101110100101111110111011110110111101111000101110010101001111001001001010110001100100110111001000110011
01111111101001000111000111100000010000111000111001011111110111011010111011010100000100000001001100101011000100010000110010100101
10111100100101001000010101111110111011000001111101110001111001100110000100001011110101011011011010111101001100000001101010011101
11100111010011010110000100010110111111001110100110001101001001010011110101101001010100111110111110000001010110111000010100111001
11000100001101110110110111111010100011101000010100110111100100101000110001001110011000000000011001011000110000110100100111110011
